0 0 20 15 None 6800
1 0 20 15 None 0
2 0 20 15 None 0
3 5 25 15 None 900
4 5 25 15 None -4600
5 5 25 15 None 900
6 10 30 15 None -300
7 10 30 15 None -3900
8 10 30 15 None 200
9 15 35 15 None 5500
10 15 35 15 None 3700
11 15 35 15 None -400
12 20 40 15 None 6700
13 20 40 15 None 1500
14 20 40 15 None 3300
15 25 45 15 None 1200
16 25 45 15 None -4000
17 25 45 15 None 3500
18 30 50 15 None -6200
19 30 50 15 None 7000
20 30 50 15 None 900
21 35 55 15 None -5900
22 35 55 15 None -200
23 35 55 15 None 1300
24 40 60 15 None -100
25 40 60 15 None -2000
26 40 60 15 None -4500
27 45 65 15 None -300
28 45 65 15 None 5900
29 45 65 15 None 3000
30 50 70 15 None -800
31 50 70 15 None -3200
32 50 70 15 None 4700
33 55 75 15 None 2600
34 55 75 15 None 3900
35 55 75 15 None -2200
36 60 80 15 None -5000
37 60 80 15 None 5100
38 60 80 15 None -2400
39 65 85 15 None -6900
40 65 85 15 None -1000
41 65 85 15 None 3900
42 70 90 15 None 6200
43 70 90 15 None 5600
44 70 90 15 None -3000
45 75 95 15 None -4600
46 75 95 15 None 2100
47 75 95 15 None -4300
48 80 100 15 None -5500
49 80 100 15 None -2500
50 80 100 15 None 4800
51 85 105 15 None -2900
52 85 105 15 None 1300
53 85 105 15 None -500
54 90 110 15 None -2400
55 90 110 15 None 1800
56 90 110 15 None 2400
57 95 115 15 None -6100
58 95 115 15 None -2300
59 95 115 15 None 2300
60 100 120 15 None -1200
61 100 120 15 None -1300
62 100 120 15 None -2400
63 105 125 15 None 3800
64 105 125 15 None 6000
65 105 125 15 None 4400
66 110 130 15 None -4900
67 110 130 15 None 0
68 110 130 15 None 5500
69 115 135 15 None -1100
70 115 135 15 None -6100
71 115 135 15 None 6800
72 120 140 15 None -1900
73 120 140 15 None -3200
74 120 140 15 None 3000
75 125 145 15 None -1100
76 125 145 15 None -5300
77 125 145 15 None -6500
78 130 150 15 None -6800
79 130 150 15 None 300
80 130 150 15 None 6300
81 135 155 15 None 5300
82 135 155 15 None -3700
83 135 155 15 None 6100
84 140 160 15 None -7000
85 140 160 15 None 900
86 140 160 15 None -1800
87 145 165 15 None -2200
88 145 165 15 None -5300
89 145 165 15 None 3800
90 150 170 15 None 2300
91 150 170 15 None -4500
92 150 170 15 None -1700
93 155 175 15 None -700
94 155 175 15 None -4700
95 155 175 15 None 2900
96 160 180 15 None -500
97 160 180 15 None -3700
98 160 180 15 None 5200
99 165 185 15 None 5700
100 165 185 15 None 3500
101 165 185 15 None 3300
102 170 190 15 None 3800
103 170 190 15 None -3300
104 170 190 15 None 2500
105 175 195 15 None -500
106 175 195 15 None -1600
107 175 195 15 None -5000
108 180 200 15 None -6800
109 180 200 15 None 800
110 180 200 15 None 3400
111 185 205 15 None 5000
112 185 205 15 None -5000
113 185 205 15 None 4600
114 190 210 15 None 6400
115 190 210 15 None -3600
116 190 210 15 None 1700
117 195 215 15 None -3800
118 195 215 15 None 100
119 195 215 15 None 4000
120 200 220 15 None -2700
121 200 220 15 None 2400
122 200 220 15 None -5900
123 205 225 15 None 4400
124 205 225 15 None 6500
125 205 225 15 None 200
126 210 230 15 None -2400
127 210 230 15 None -2300
128 210 230 15 None 1500
129 215 235 15 None -7000
130 215 235 15 None 6300
131 215 235 15 None 1900
132 220 240 15 None 4900
133 220 240 15 None -4500
134 220 240 15 None 800
135 225 245 15 None 5500
136 225 245 15 None 2700
137 225 245 15 None 1500
138 230 250 15 None -6600
139 230 250 15 None 3900
140 230 250 15 None -1300
141 235 255 15 None -5300
142 235 255 15 None 6100
143 235 255 15 None -4800
144 240 260 15 None -1800
145 240 260 15 None 5500
146 240 260 15 None -5400
147 245 265 15 None -3400
148 245 265 15 None 1100
149 245 265 15 None 2000
150 250 270 15 None -4100
151 250 270 15 None -6900
152 250 270 15 None -5300
153 255 275 15 None -4500
154 255 275 15 None 6700
155 255 275 15 None -2300
156 260 280 15 None 2000
157 260 280 15 None -300
158 260 280 15 None 6900
159 265 285 15 None 4600
160 265 285 15 None -200
161 265 285 15 None -3100
162 270 290 15 None 7000
163 270 290 15 None -2200
164 270 290 15 None 800
165 275 295 15 None -6300
166 275 295 15 None 3400
167 275 295 15 None -1300
168 280 300 15 None -2200
169 280 300 15 None -500
170 280 300 15 None 2300
171 285 305 15 None -5000
172 285 305 15 None 6000
173 285 305 15 None -5900
174 290 310 15 None 6100
175 290 310 15 None -1200
176 290 310 15 None 2800
177 295 315 15 None -4000
178 295 315 15 None 3200
179 295 315 15 None -1600
180 300 320 15 None -2000
181 300 320 15 None -200
182 300 320 15 None -5400
183 305 325 15 None 500
184 305 325 15 None -2900
185 305 325 15 None -5200
186 310 330 15 None -600
187 310 330 15 None 6900
188 310 330 15 None 3600
189 315 335 15 None -4800
190 315 335 15 None -5500
191 315 335 15 None -300
192 320 340 15 None 3900
193 320 340 15 None -3700
194 320 340 15 None -3400
195 325 345 15 None -1800
196 325 345 15 None -1500
197 325 345 15 None -6500
198 330 350 15 None -400
199 330 350 15 None -2400
200 330 350 15 None -2900
201 335 355 15 None -2500
202 335 355 15 None -4400
203 335 355 15 None -3500
204 340 360 15 None -6000
205 340 360 15 None 5400
206 340 360 15 None -1400
207 345 365 15 None 2300
208 345 365 15 None 1500
209 345 365 15 None 6600
210 350 370 15 None -1800
211 350 370 15 None -4300
212 350 370 15 None 5800
213 355 375 15 None -4000
214 355 375 15 None -600
215 355 375 15 None -3800
216 360 380 15 None -2900
217 360 380 15 None 3800
218 360 380 15 None 2100
219 365 385 15 None 900
220 365 385 15 None -2900
221 365 385 15 None -300
222 370 390 15 None 4400
223 370 390 15 None 3100
224 370 390 15 None -4900
225 375 395 15 None -700
226 375 395 15 None 2400
227 375 395 15 None -6200
228 380 400 15 None 2100
229 380 400 15 None 400
230 380 400 15 None 4900
231 385 405 15 None 800
232 385 405 15 None 4700
233 385 405 15 None 3200
234 390 410 15 None -5000
235 390 410 15 None 4600
236 390 410 15 None 1700
237 395 415 15 None -4800
238 395 415 15 None 3000
239 395 415 15 None -300
240 400 420 15 None -3100
241 400 420 15 None 1300
242 400 420 15 None -6000
243 405 425 15 None 5500
244 405 425 15 None -5800
245 405 425 15 None -5300
246 410 430 15 None -6800
247 410 430 15 None -2900
248 410 430 15 None 1900
249 415 435 15 None 1200
250 415 435 15 None -4900
251 415 435 15 None 1000
252 420 440 15 None 3300
253 420 440 15 None -6200
254 420 440 15 None 7000
255 425 445 15 None 1200
256 425 445 15 None 2700
257 425 445 15 None 500
258 430 450 15 None 6900
259 430 450 15 None 4400
260 430 450 15 None 800
261 435 455 15 None -3200
262 435 455 15 None 4600
263 435 455 15 None 2000
264 440 460 15 None 4600
265 440 460 15 None -5600
266 440 460 15 None -700
267 445 465 15 None 1800
268 445 465 15 None 6100
269 445 465 15 None 2100
270 450 470 15 None 1800
271 450 470 15 None -3800
272 450 470 15 None 3800
273 455 475 15 None -2500
274 455 475 15 None 6500
275 455 475 15 None -6100
276 460 480 15 None 500
277 460 480 15 None -4600
278 460 480 15 None -5200
279 465 485 15 None -5000
280 465 485 15 None 1600
281 465 485 15 None 4200
282 470 490 15 None -100
283 470 490 15 None -2800
284 470 490 15 None -5800
285 475 495 15 None 3100
286 475 495 15 None -3700
287 475 495 15 None -6300
288 480 500 15 None 6200
289 480 500 15 None -1800
290 480 500 15 None 3100
291 485 505 15 None 2200
292 485 505 15 None 4800
293 485 505 15 None -1200
294 490 510 15 None 5600
295 490 510 15 None 3400
296 490 510 15 None -4200
297 495 515 15 None 2500
298 495 515 15 None 400
299 495 515 15 None 500
300 500 520 15 None -6400
301 500 520 15 None -2200
302 500 520 15 None 2500
303 505 525 15 None -700
304 505 525 15 None -100
305 505 525 15 None 600
306 510 530 15 None -900
307 510 530 15 None -7000
308 510 530 15 None -2900
309 515 535 15 None 5700
310 515 535 15 None -3100
311 515 535 15 None -3000
312 520 540 15 None -2000
313 520 540 15 None 7000
314 520 540 15 None 6300
315 525 545 15 None 2000
316 525 545 15 None -1700
317 525 545 15 None 2100
318 530 550 15 None 0
319 530 550 15 None -4400
320 530 550 15 None -300
321 535 555 15 None 1800
322 535 555 15 None 5900
323 535 555 15 None -6400
324 540 560 15 None -5700
325 540 560 15 None -7000
326 540 560 15 None -6300
327 545 565 15 None 800
328 545 565 15 None 2400
329 545 565 15 None 3000
330 550 570 15 None -5400
331 550 570 15 None 3900
332 550 570 15 None 900
333 555 575 15 None 1600
334 555 575 15 None -1500
335 555 575 15 None 4800
336 560 580 15 None -100
337 560 580 15 None 6500
338 560 580 15 None -4000
339 565 585 15 None 6500
340 565 585 15 None 5100
341 565 585 15 None 100
342 570 590 15 None -5300
343 570 590 15 None 3800
344 570 590 15 None 2300
345 575 595 15 None -3500
346 575 595 15 None -2900
347 575 595 15 None 3300
348 580 600 15 None -4700
349 580 600 15 None 200
350 580 600 15 None -2700
351 585 605 15 None -2200
352 585 605 15 None 3300
353 585 605 15 None -1400
354 590 610 15 None -700
355 590 610 15 None -2700
356 590 610 15 None 1200
357 595 615 15 None -400
358 595 615 15 None 3400
359 595 615 15 None 3500
360 600 620 15 None -7000
361 600 620 15 None -3900
362 600 620 15 None 1300
363 605 625 15 None -200
364 605 625 15 None -5200
365 605 625 15 None -500
366 610 630 15 None 3300
367 610 630 15 None -3500
368 610 630 15 None 2800
369 615 635 15 None 2000
370 615 635 15 None -4000
371 615 635 15 None -6000
372 620 640 15 None 0
373 620 640 15 None -2100
374 620 640 15 None 7000
375 625 645 15 None -2000
376 625 645 15 None 6100
377 625 645 15 None 2800
378 630 650 15 None 5700
379 630 650 15 None -1600
380 630 650 15 None -5700
381 0 20 17 None 1700
382 0 20 17 None 0
383 0 20 17 None 5300
384 5 25 17 None -4700
385 5 25 17 None 6800
386 5 25 17 None -3200
387 10 30 17 None -2500
388 10 30 17 None 4700
389 10 30 17 None -3300
390 15 35 17 None 6000
391 15 35 17 None -5100
392 15 35 17 None 2600
393 20 40 17 None 2200
394 20 40 17 None 3100
395 20 40 17 None 2500
396 25 45 17 None 1300
397 25 45 17 None 6300
398 25 45 17 None -5000
399 30 50 17 None 200
400 30 50 17 None 1300
401 30 50 17 None -1000
402 35 55 17 None -7000
403 35 55 17 None -1200
404 35 55 17 None 6900
405 40 60 17 None -6300
406 40 60 17 None -1100
407 40 60 17 None 1700
408 45 65 17 None 4600
409 45 65 17 None 2000
410 45 65 17 None 6800
411 50 70 17 None 600
412 50 70 17 None -6200
413 50 70 17 None -3500
414 55 75 17 None -1000
415 55 75 17 None 3000
416 55 75 17 None -7000
417 60 80 17 None -3300
418 60 80 17 None 2600
419 60 80 17 None 2500
420 65 85 17 None -2400
421 65 85 17 None -3200
422 65 85 17 None 4500
423 70 90 17 None 4700
424 70 90 17 None 2600
425 70 90 17 None -6000
426 75 95 17 None 6300
427 75 95 17 None -5700
428 75 95 17 None -1700
429 80 100 17 None -4600
430 80 100 17 None 6100
431 80 100 17 None -4100
432 85 105 17 None 3300
433 85 105 17 None 6600
434 85 105 17 None -6400
435 90 110 17 None -3200
436 90 110 17 None 6600
437 90 110 17 None -5200
438 95 115 17 None -6600
439 95 115 17 None -600
440 95 115 17 None 6600
441 100 120 17 None 500
442 100 120 17 None 1700
443 100 120 17 None 400
444 105 125 17 None -1900
445 105 125 17 None -6800
446 105 125 17 None -4600
447 110 130 17 None -400
448 110 130 17 None -1800
449 110 130 17 None 1400
450 115 135 17 None 2200
451 115 135 17 None -500
452 115 135 17 None -500
453 120 140 17 None 1900
454 120 140 17 None -1000
455 120 140 17 None 5900
456 125 145 17 None 6500
457 125 145 17 None -5000
458 125 145 17 None -1300
459 130 150 17 None 2300
460 130 150 17 None 3700
461 130 150 17 None 6300
462 135 155 17 None 6200
463 135 155 17 None 4900
464 135 155 17 None -1400
465 140 160 17 None 6200
466 140 160 17 None -5500
467 140 160 17 None 3100
468 145 165 17 None -5900
469 145 165 17 None 1900
470 145 165 17 None -2100
471 150 170 17 None -4100
472 150 170 17 None 4000
473 150 170 17 None -7000
474 155 175 17 None 5600
475 155 175 17 None -4300
476 155 175 17 None -4400
477 160 180 17 None 5600
478 160 180 17 None 5700
479 160 180 17 None 6600
480 165 185 17 None 5600
481 165 185 17 None -5400
482 165 185 17 None 1400
483 170 190 17 None -2700
484 170 190 17 None 5600
485 170 190 17 None -300
486 175 195 17 None 0
487 175 195 17 None 6000
488 175 195 17 None -4100
489 180 200 17 None 2900
490 180 200 17 None -500
491 180 200 17 None 4200
492 185 205 17 None 1900
493 185 205 17 None 3800
494 185 205 17 None 900
495 190 210 17 None 5500
496 190 210 17 None 5300
497 190 210 17 None -2500
498 195 215 17 None 7000
499 195 215 17 None 4400
500 195 215 17 None -1000
501 200 220 17 None 2000
502 200 220 17 None 6500
503 200 220 17 None -2100
504 205 225 17 None 5400
505 205 225 17 None -3900
506 205 225 17 None -6000
507 210 230 17 None 1900
508 210 230 17 None -6400
509 210 230 17 None 1100
510 215 235 17 None 6600
511 215 235 17 None -500
512 215 235 17 None -600
513 220 240 17 None 2400
514 220 240 17 None -2500
515 220 240 17 None -700
516 225 245 17 None -1400
517 225 245 17 None -1700
518 225 245 17 None -5400
519 230 250 17 None 5300
520 230 250 17 None -4200
521 230 250 17 None -1600
522 235 255 17 None -3700
523 235 255 17 None -600
524 235 255 17 None 1200
525 240 260 17 None 1000
526 240 260 17 None -2400
527 240 260 17 None 6800
528 245 265 17 None 4400
529 245 265 17 None 3000
530 245 265 17 None -6900
531 250 270 17 None -4700
532 250 270 17 None -6200
533 250 270 17 None -3600
534 255 275 17 None 6500
535 255 275 17 None 3500
536 255 275 17 None 6300
537 260 280 17 None -6900
538 260 280 17 None 1800
539 260 280 17 None -4600
540 265 285 17 None -100
541 265 285 17 None 3000
542 265 285 17 None 2300
543 270 290 17 None -1200
544 270 290 17 None 2600
545 270 290 17 None 2400
546 275 295 17 None 5500
547 275 295 17 None -1700
548 275 295 17 None -6300
549 280 300 17 None -6500
550 280 300 17 None 2300
551 280 300 17 None -4500
552 285 305 17 None -3700
553 285 305 17 None -6700
554 285 305 17 None -5500
555 290 310 17 None -200
556 290 310 17 None 6800
557 290 310 17 None 5800
558 295 315 17 None -4500
559 295 315 17 None -1200
560 295 315 17 None -1200
561 300 320 17 None 900
562 300 320 17 None 1400
563 300 320 17 None 5000
564 305 325 17 None 5000
565 305 325 17 None -6000
566 305 325 17 None -2800
567 310 330 17 None -300
568 310 330 17 None 6700
569 310 330 17 None -3400
570 315 335 17 None 200
571 315 335 17 None 1800
572 315 335 17 None -5500
573 320 340 17 None 4200
574 320 340 17 None 6100
575 320 340 17 None -1600
576 325 345 17 None 500
577 325 345 17 None 4500
578 325 345 17 None 900
579 330 350 17 None -3400
580 330 350 17 None 5400
581 330 350 17 None 2200
582 335 355 17 None 6600
583 335 355 17 None -1300
584 335 355 17 None -2800
585 340 360 17 None -400
586 340 360 17 None 6000
587 340 360 17 None -6300
588 345 365 17 None 5400
589 345 365 17 None -5300
590 345 365 17 None 1900
591 350 370 17 None 3900
592 350 370 17 None -6700
593 350 370 17 None 1700
594 355 375 17 None 900
595 355 375 17 None -5900
596 355 375 17 None 3000
597 360 380 17 None -7000
598 360 380 17 None 2900
599 360 380 17 None 700
600 365 385 17 None 4800
601 365 385 17 None 900
602 365 385 17 None -5000
603 370 390 17 None 6300
604 370 390 17 None 7000
605 370 390 17 None -3900
606 375 395 17 None -6900
607 375 395 17 None -5000
608 375 395 17 None 4900
609 380 400 17 None 4900
610 380 400 17 None 5200
611 380 400 17 None 5200
612 385 405 17 None -2400
613 385 405 17 None -3400
614 385 405 17 None -1700
615 390 410 17 None 500
616 390 410 17 None -3400
617 390 410 17 None -1600
618 395 415 17 None 5000
619 395 415 17 None -3400
620 395 415 17 None -6700
621 400 420 17 None -3300
622 400 420 17 None 2400
623 400 420 17 None 200
624 405 425 17 None -2500
625 405 425 17 None 5400
626 405 425 17 None 3200
627 410 430 17 None -2300
628 410 430 17 None 2000
629 410 430 17 None 2300
630 415 435 17 None 3300
631 415 435 17 None 300
632 415 435 17 None 300
633 420 440 17 None 2500
634 420 440 17 None 5000
635 420 440 17 None -5100
636 425 445 17 None 6600
637 425 445 17 None -6000
638 425 445 17 None -2100
639 430 450 17 None 5400
640 430 450 17 None 2800
641 430 450 17 None -1200
642 435 455 17 None -3200
643 435 455 17 None 3700
644 435 455 17 None 4800
645 440 460 17 None 2600
646 440 460 17 None 2800
647 440 460 17 None -3200
648 445 465 17 None -3800
649 445 465 17 None -6300
650 445 465 17 None 6400
651 450 470 17 None -500
652 450 470 17 None 300
653 450 470 17 None -5300
654 455 475 17 None 1400
655 455 475 17 None -2700
656 455 475 17 None 3600
657 460 480 17 None -5800
658 460 480 17 None -2600
659 460 480 17 None 2100
660 465 485 17 None -100
661 465 485 17 None 4900
662 465 485 17 None -6300
663 470 490 17 None 1400
664 470 490 17 None -1200
665 470 490 17 None -5100
666 475 495 17 None -4300
667 475 495 17 None 600
668 475 495 17 None -2900
669 480 500 17 None -200
670 480 500 17 None 3100
671 480 500 17 None -4600
672 485 505 17 None -2300
673 485 505 17 None -2000
674 485 505 17 None 3900
675 490 510 17 None 700
676 490 510 17 None 600
677 490 510 17 None -1100
678 495 515 17 None -2900
679 495 515 17 None 4700
680 495 515 17 None 6500
681 500 520 17 None -3600
682 500 520 17 None -5800
683 500 520 17 None -4700
684 505 525 17 None -2400
685 505 525 17 None -3500
686 505 525 17 None -5000
687 510 530 17 None 4400
688 510 530 17 None 6600
689 510 530 17 None -6300
690 515 535 17 None 1200
691 515 535 17 None -3800
692 515 535 17 None 6400
693 520 540 17 None 0
694 520 540 17 None -5800
695 520 540 17 None -3000
696 525 545 17 None 1600
697 525 545 17 None 1200
698 525 545 17 None 1000
699 530 550 17 None 600
700 530 550 17 None -5200
701 530 550 17 None 1400
702 535 555 17 None 500
703 535 555 17 None 2400
704 535 555 17 None 5300
705 540 560 17 None -3200
706 540 560 17 None -3000
707 540 560 17 None -1500
708 545 565 17 None -2900
709 545 565 17 None -6100
710 545 565 17 None 400
711 550 570 17 None -6000
712 550 570 17 None 7000
713 550 570 17 None 6700
714 555 575 17 None 1700
715 555 575 17 None -3600
716 555 575 17 None -5700
717 560 580 17 None 3200
718 560 580 17 None -1000
719 560 580 17 None -900
720 565 585 17 None 4700
721 565 585 17 None -4400
722 565 585 17 None -4800
723 570 590 17 None -3300
724 570 590 17 None 1900
725 570 590 17 None 3900
726 575 595 17 None -4600
727 575 595 17 None 3700
728 575 595 17 None 3900
729 580 600 17 None -500
730 580 600 17 None 4600
731 580 600 17 None 4100
732 585 605 17 None 4600
733 585 605 17 None -3500
734 585 605 17 None -1200
735 590 610 17 None 4800
736 590 610 17 None 5500
737 590 610 17 None 2500
738 595 615 17 None 2100
739 595 615 17 None -5700
740 595 615 17 None -3600
741 600 620 17 None 5800
742 600 620 17 None 1400
743 600 620 17 None -1300
744 605 625 17 None 6700
745 605 625 17 None -5500
746 605 625 17 None -700
747 610 630 17 None 3700
748 610 630 17 None -6300
749 610 630 17 None 6600
750 615 635 17 None 100
751 615 635 17 None 3700
752 615 635 17 None 3700
753 0 20 19 None 3600
754 0 20 19 None 2300
755 0 20 19 None 0
756 5 25 19 None 6200
757 5 25 19 None 900
758 5 25 19 None -600
759 10 30 19 None 5100
760 10 30 19 None 2900
761 10 30 19 None -6900
762 15 35 19 None 800
763 15 35 19 None 6700
764 15 35 19 None -3100
765 20 40 19 None 3200
766 20 40 19 None -1500
767 20 40 19 None -1600
768 25 45 19 None 2300
769 25 45 19 None -1700
770 25 45 19 None 6400
771 30 50 19 None 1600
772 30 50 19 None 800
773 30 50 19 None -1000
774 35 55 19 None -4600
775 35 55 19 None 4500
776 35 55 19 None 1100
777 40 60 19 None -1500
778 40 60 19 None -2300
779 40 60 19 None 1000
780 45 65 19 None 5000
781 45 65 19 None 3700
782 45 65 19 None -1100
783 50 70 19 None 5300
784 50 70 19 None -1400
785 50 70 19 None -400
786 55 75 19 None 1800
787 55 75 19 None 2000
788 55 75 19 None 1700
789 60 80 19 None -5100
790 60 80 19 None -2000
791 60 80 19 None -4700
792 65 85 19 None 4500
793 65 85 19 None -600
794 65 85 19 None -6500
795 70 90 19 None -1500
796 70 90 19 None -300
797 70 90 19 None -6700
798 75 95 19 None -4100
799 75 95 19 None 5600
800 75 95 19 None 500
801 80 100 19 None 100
802 80 100 19 None -4000
803 80 100 19 None -4800
804 85 105 19 None -2600
805 85 105 19 None 3300
806 85 105 19 None -1400
807 90 110 19 None -300
808 90 110 19 None 5700
809 90 110 19 None -6900
810 95 115 19 None 5400
811 95 115 19 None -5200
812 95 115 19 None 4900
813 100 120 19 None 3700
814 100 120 19 None 6400
815 100 120 19 None 2700
816 105 125 19 None -4700
817 105 125 19 None -1700
818 105 125 19 None -5600
819 110 130 19 None -2200
820 110 130 19 None 1100
821 110 130 19 None -4100
822 115 135 19 None 4900
823 115 135 19 None -6800
824 115 135 19 None -4500
825 120 140 19 None 1800
826 120 140 19 None -1000
827 120 140 19 None -1600
828 125 145 19 None -400
829 125 145 19 None 3300
830 125 145 19 None 2400
831 130 150 19 None 4300
832 130 150 19 None -6000
833 130 150 19 None -4300
834 135 155 19 None 5800
835 135 155 19 None -3000
836 135 155 19 None -5000
837 140 160 19 None 1300
838 140 160 19 None -6300
839 140 160 19 None 3200
840 145 165 19 None 900
841 145 165 19 None 6800
842 145 165 19 None 5900
843 150 170 19 None -5600
844 150 170 19 None -5700
845 150 170 19 None -6100
846 155 175 19 None 3300
847 155 175 19 None 500
848 155 175 19 None 500
849 160 180 19 None 6800
850 160 180 19 None -3800
851 160 180 19 None -4900
852 165 185 19 None -1400
853 165 185 19 None -4900
854 165 185 19 None 7000
855 170 190 19 None -200
856 170 190 19 None 1500
857 170 190 19 None 6500
858 175 195 19 None -2500
859 175 195 19 None -6400
860 175 195 19 None 5700
861 180 200 19 None -7000
862 180 200 19 None -1400
863 180 200 19 None -5500
864 185 205 19 None -1100
865 185 205 19 None -2600
866 185 205 19 None 900
867 190 210 19 None -4700
868 190 210 19 None 5000
869 190 210 19 None 100
870 195 215 19 None 2700
871 195 215 19 None -1300
872 195 215 19 None 400
873 200 220 19 None 500
874 200 220 19 None 0
875 200 220 19 None 2000
876 205 225 19 None 2400
877 205 225 19 None 3700
878 205 225 19 None -3600
879 210 230 19 None -5800
880 210 230 19 None -600
881 210 230 19 None -5000
882 215 235 19 None 1500
883 215 235 19 None -2000
884 215 235 19 None 2400
885 220 240 19 None -2200
886 220 240 19 None 3800
887 220 240 19 None 4200
888 225 245 19 None -200
889 225 245 19 None 5700
890 225 245 19 None -4300
891 230 250 19 None -4400
892 230 250 19 None 1500
893 230 250 19 None 5000
894 235 255 19 None -5700
895 235 255 19 None 1500
896 235 255 19 None 6600
897 240 260 19 None 6000
898 240 260 19 None -1300
899 240 260 19 None -5300
900 245 265 19 None -6800
901 245 265 19 None -6400
902 245 265 19 None -4100
903 250 270 19 None -5900
904 250 270 19 None 1700
905 250 270 19 None -5500
906 255 275 19 None 4400
907 255 275 19 None -1300
908 255 275 19 None -600
909 260 280 19 None 600
910 260 280 19 None -2300
911 260 280 19 None -5000
912 265 285 19 None -3100
913 265 285 19 None -600
914 265 285 19 None 600
915 270 290 19 None -5300
916 270 290 19 None -2100
917 270 290 19 None 4500
918 275 295 19 None -1400
919 275 295 19 None 2200
920 275 295 19 None 3300
921 280 300 19 None 1800
922 280 300 19 None -5400
923 280 300 19 None -1200
924 285 305 19 None -3600
925 285 305 19 None 3400
926 285 305 19 None 3200
927 290 310 19 None -600
928 290 310 19 None -6800
929 290 310 19 None -2400
930 295 315 19 None 2300
931 295 315 19 None -4600
932 295 315 19 None 600
933 300 320 19 None -4000
934 300 320 19 None 1800
935 300 320 19 None -3000
936 305 325 19 None 6500
937 305 325 19 None 6800
938 305 325 19 None -6000
939 310 330 19 None -5000
940 310 330 19 None -4700
941 310 330 19 None -5000
942 315 335 19 None -4000
943 315 335 19 None -3800
944 315 335 19 None -2600
945 320 340 19 None 4200
946 320 340 19 None -1600
947 320 340 19 None -300
948 325 345 19 None -2700
949 325 345 19 None -6300
950 325 345 19 None -2800
951 330 350 19 None -3300
952 330 350 19 None -1400
953 330 350 19 None 5000
954 335 355 19 None 900
955 335 355 19 None -3700
956 335 355 19 None 3800
957 340 360 19 None -4200
958 340 360 19 None 2600
959 340 360 19 None -2700
960 345 365 19 None 2000
961 345 365 19 None -6600
962 345 365 19 None -1900
963 350 370 19 None 400
964 350 370 19 None 1900
965 350 370 19 None -1700
966 355 375 19 None -6900
967 355 375 19 None -7000
968 355 375 19 None -1200
969 360 380 19 None 4200
970 360 380 19 None -5100
971 360 380 19 None 2800
972 365 385 19 None 3700
973 365 385 19 None 2600
974 365 385 19 None 200
975 370 390 19 None 4600
976 370 390 19 None -5400
977 370 390 19 None -5000
978 375 395 19 None -900
979 375 395 19 None 300
980 375 395 19 None 4700
981 380 400 19 None -1500
982 380 400 19 None 1000
983 380 400 19 None -1400
984 385 405 19 None 100
985 385 405 19 None -5000
986 385 405 19 None 6500
987 390 410 19 None -6000
988 390 410 19 None 4600
989 390 410 19 None 1400
990 395 415 19 None -3300
991 395 415 19 None -2000
992 395 415 19 None 4400
993 400 420 19 None -2800
994 400 420 19 None -4100
995 400 420 19 None -4800
996 405 425 19 None 0
997 405 425 19 None -2000
998 405 425 19 None -700
999 410 430 19 None 5100
1000 410 430 19 None 2500
1001 410 430 19 None -1100
1002 415 435 19 None 2200
1003 415 435 19 None 3800
1004 415 435 19 None -4000
1005 420 440 19 None 2700
1006 420 440 19 None -1900
1007 420 440 19 None -700
1008 425 445 19 None -3600
1009 425 445 19 None 800
1010 425 445 19 None -2100
1011 430 450 19 None -3100
1012 430 450 19 None -5800
1013 430 450 19 None 5800
1014 435 455 19 None -5100
1015 435 455 19 None 6100
1016 435 455 19 None -1100
1017 440 460 19 None 6400
1018 440 460 19 None -1200
1019 440 460 19 None 6300
1020 445 465 19 None -5800
1021 445 465 19 None 1400
1022 445 465 19 None 3900
1023 450 470 19 None -4400
1024 450 470 19 None 6300
1025 450 470 19 None 6900
1026 455 475 19 None -6200
1027 455 475 19 None -3000
1028 455 475 19 None -6300
1029 460 480 19 None -2000
1030 460 480 19 None -3900
1031 460 480 19 None -5100
1032 465 485 19 None -1000
1033 465 485 19 None -6900
1034 465 485 19 None -1600
1035 470 490 19 None 3200
1036 470 490 19 None 1600
1037 470 490 19 None -3700
1038 475 495 19 None -6200
1039 475 495 19 None -6400
1040 475 495 19 None -6000
1041 480 500 19 None 5400
1042 480 500 19 None 3100
1043 480 500 19 None 1000
1044 485 505 19 None -6300
1045 485 505 19 None 6200
1046 485 505 19 None 3400
1047 490 510 19 None -2700
1048 490 510 19 None 200
1049 490 510 19 None 4500
1050 495 515 19 None -5800
1051 495 515 19 None 6700
1052 495 515 19 None 1200
1053 500 520 19 None -2800
1054 500 520 19 None 4100
1055 500 520 19 None 0
1056 505 525 19 None -700
1057 505 525 19 None 800
1058 505 525 19 None -1700
1059 510 530 19 None 2400
1060 510 530 19 None 5200
1061 510 530 19 None -4700
1062 515 535 19 None -4100
1063 515 535 19 None 0
1064 515 535 19 None -5200
1065 520 540 19 None 4700
1066 520 540 19 None -4000
1067 520 540 19 None -6000
1068 525 545 19 None -3800
1069 525 545 19 None -2800
1070 525 545 19 None -2300
1071 530 550 19 None -6900
1072 530 550 19 None -1800
1073 530 550 19 None 2400
1074 535 555 19 None -5900
1075 535 555 19 None -600
1076 535 555 19 None -5600
1077 540 560 19 None -3600
1078 540 560 19 None 6300
1079 540 560 19 None -2200
1080 545 565 19 None -1000
1081 545 565 19 None -2500
1082 545 565 19 None -800
1083 550 570 19 None -2000
1084 550 570 19 None -6800
1085 550 570 19 None -6100
1086 555 575 19 None -4000
1087 555 575 19 None -4600
1088 555 575 19 None 0
1089 560 580 19 None 5500
1090 560 580 19 None -2700
1091 560 580 19 None -6200
1092 565 585 19 None -2300
1093 565 585 19 None -4400
1094 565 585 19 None -4600
1095 570 590 19 None 3500
1096 570 590 19 None -4200
1097 570 590 19 None 2700
1098 575 595 19 None 6400
1099 575 595 19 None -3800
1100 575 595 19 None -5300
1101 580 600 19 None -1400
1102 580 600 19 None -2600
1103 580 600 19 None 200
1104 585 605 19 None 4300
1105 585 605 19 None -3600
1106 585 605 19 None 700
1107 590 610 19 None -3600
1108 590 610 19 None -2800
1109 590 610 19 None 2800
1110 595 615 19 None -3500
1111 595 615 19 None 5900
1112 595 615 19 None -6300
1113 600 620 19 None 4600
1114 600 620 19 None -3200
1115 600 620 19 None 1000
1116 605 625 19 None -4000
1117 605 625 19 None 0
1118 605 625 19 None -1300
1119 610 630 19 None -3600
1120 610 630 19 None 4300
1121 610 630 19 None -1400
1122 615 635 19 None 1700
1123 615 635 19 None 2800
1124 615 635 19 None 1100
1125 620 640 19 None -6700
1126 620 640 19 None -2900
1127 620 640 19 None -800
1128 625 645 19 None 5700
1129 625 645 19 None 700
1130 625 645 19 None -6900
1131 630 650 19 None -5000
1132 630 650 19 None -1700
1133 630 650 19 None 2800
1134 635 655 19 None -4800
1135 635 655 19 None -5000
1136 635 655 19 None 300
1137 640 660 19 None -900
1138 640 660 19 None -5400
1139 640 660 19 None 4100
1140 645 665 19 None -2500
1141 645 665 19 None -5100
1142 645 665 19 None -500
1143 650 670 19 None -400
1144 650 670 19 None 6100
1145 650 670 19 None -6200
1146 655 675 19 None 3000
1147 655 675 19 None -3300
1148 655 675 19 None -1400
1149 0 20 20 None 0
1150 0 20 20 None 4000
1151 0 20 20 None 0
1152 5 25 20 None 3400
1153 5 25 20 None 1300
1154 5 25 20 None -5000
1155 10 30 20 None -4900
1156 10 30 20 None -3600
1157 10 30 20 None 2400
1158 15 35 20 None 4100
1159 15 35 20 None 4100
1160 15 35 20 None -4800
1161 20 40 20 None 3800
1162 20 40 20 None 2400
1163 20 40 20 None 300
1164 25 45 20 None 6900
1165 25 45 20 None -2800
1166 25 45 20 None -1100
1167 30 50 20 None -1400
1168 30 50 20 None 4200
1169 30 50 20 None -300
1170 35 55 20 None -100
1171 35 55 20 None -2100
1172 35 55 20 None 5600
1173 40 60 20 None 100
1174 40 60 20 None -4000
1175 40 60 20 None -4200
1176 45 65 20 None 7000
1177 45 65 20 None 2700
1178 45 65 20 None -2500
1179 50 70 20 None -2200
1180 50 70 20 None -1300
1181 50 70 20 None -1900
1182 55 75 20 None -300
1183 55 75 20 None 6800
1184 55 75 20 None 5700
1185 60 80 20 None 400
1186 60 80 20 None -3300
1187 60 80 20 None 4900
1188 65 85 20 None -2000
1189 65 85 20 None 1800
1190 65 85 20 None -6900
1191 70 90 20 None 3700
1192 70 90 20 None 5900
1193 70 90 20 None 2500
1194 75 95 20 None -1000
1195 75 95 20 None -1700
1196 75 95 20 None 600
1197 80 100 20 None -5800
1198 80 100 20 None -3100
1199 80 100 20 None 2800
1200 85 105 20 None -3900
1201 85 105 20 None 2800
1202 85 105 20 None 3300
1203 90 110 20 None -1700
1204 90 110 20 None 1200
1205 90 110 20 None 3300
1206 95 115 20 None -3400
1207 95 115 20 None 4800
1208 95 115 20 None -4000
1209 100 120 20 None -5600
1210 100 120 20 None -1700
1211 100 120 20 None 1100
1212 105 125 20 None -5500
1213 105 125 20 None 4000
1214 105 125 20 None 4100
1215 110 130 20 None 4500
1216 110 130 20 None 4300
1217 110 130 20 None 1600
1218 115 135 20 None 5400
1219 115 135 20 None 6200
1220 115 135 20 None 6900
1221 120 140 20 None -500
1222 120 140 20 None -1900
1223 120 140 20 None -2200
1224 125 145 20 None 2700
1225 125 145 20 None -3800
1226 125 145 20 None -5000
1227 130 150 20 None 4200
1228 130 150 20 None -1500
1229 130 150 20 None 3100
1230 135 155 20 None 2300
1231 135 155 20 None -3200
1232 135 155 20 None 5700
1233 140 160 20 None 1000
1234 140 160 20 None -1300
1235 140 160 20 None 3700
1236 145 165 20 None 3400
1237 145 165 20 None -1900
1238 145 165 20 None 4200
1239 150 170 20 None 3400
1240 150 170 20 None 3900
1241 150 170 20 None -6400
1242 155 175 20 None -2500
1243 155 175 20 None -4600
1244 155 175 20 None -1600
1245 160 180 20 None 5700
1246 160 180 20 None -5500
1247 160 180 20 None 2700
1248 165 185 20 None -2400
1249 165 185 20 None 2300
1250 165 185 20 None -5800
1251 170 190 20 None -6000
1252 170 190 20 None -3900
1253 170 190 20 None -3100
1254 175 195 20 None 3200
1255 175 195 20 None -3100
1256 175 195 20 None 1700
1257 180 200 20 None -4200
1258 180 200 20 None 2200
1259 180 200 20 None -5000
1260 185 205 20 None 4900
1261 185 205 20 None -1900
1262 185 205 20 None 5000
1263 190 210 20 None 6700
1264 190 210 20 None -4600
1265 190 210 20 None 1000
1266 195 215 20 None -2400
1267 195 215 20 None -1100
1268 195 215 20 None -3300
1269 200 220 20 None 6300
1270 200 220 20 None -3700
1271 200 220 20 None 6300
1272 205 225 20 None 4800
1273 205 225 20 None -3100
1274 205 225 20 None -1900
1275 210 230 20 None -3200
1276 210 230 20 None -6800
1277 210 230 20 None -4400
1278 215 235 20 None -3500
1279 215 235 20 None 6900
1280 215 235 20 None -1800
1281 220 240 20 None -1600
1282 220 240 20 None 1900
1283 220 240 20 None 1000
1284 225 245 20 None -4400
1285 225 245 20 None 1400
1286 225 245 20 None 6700
1287 230 250 20 None 1500
1288 230 250 20 None 4800
1289 230 250 20 None -2600
1290 235 255 20 None 6900
1291 235 255 20 None 6800
1292 235 255 20 None 6700
1293 240 260 20 None -6800
1294 240 260 20 None -1400
1295 240 260 20 None -6600
1296 245 265 20 None 4600
1297 245 265 20 None -6300
1298 245 265 20 None 5100
1299 250 270 20 None 6800
1300 250 270 20 None 2800
1301 250 270 20 None 1700
1302 255 275 20 None 1400
1303 255 275 20 None 700
1304 255 275 20 None 6900
1305 260 280 20 None 6100
1306 260 280 20 None 4000
1307 260 280 20 None 800
1308 265 285 20 None 800
1309 265 285 20 None 5800
1310 265 285 20 None -2800
1311 270 290 20 None -4200
1312 270 290 20 None 5700
1313 270 290 20 None -6300
1314 275 295 20 None 6300
1315 275 295 20 None 7000
1316 275 295 20 None -6700
1317 280 300 20 None 3100
1318 280 300 20 None 6400
1319 280 300 20 None 6500
1320 285 305 20 None 5700
1321 285 305 20 None -3800
1322 285 305 20 None 3600
1323 290 310 20 None -3300
1324 290 310 20 None -2100
1325 290 310 20 None 2600
1326 295 315 20 None -5200
1327 295 315 20 None 1100
1328 295 315 20 None 1300
1329 300 320 20 None -500
1330 300 320 20 None -700
1331 300 320 20 None 4700
1332 305 325 20 None -2300
1333 305 325 20 None -2100
1334 305 325 20 None 2100
1335 310 330 20 None -1800
1336 310 330 20 None 4600
1337 310 330 20 None -3500
1338 315 335 20 None 2800
1339 315 335 20 None -5500
1340 315 335 20 None -2700
1341 320 340 20 None -3600
1342 320 340 20 None -800
1343 320 340 20 None -4400
1344 325 345 20 None 4000
1345 325 345 20 None -6400
1346 325 345 20 None 4400
1347 330 350 20 None -5500
1348 330 350 20 None 3000
1349 330 350 20 None -1400
1350 335 355 20 None 6400
1351 335 355 20 None 1500
1352 335 355 20 None 600
1353 340 360 20 None 500
1354 340 360 20 None -4300
1355 340 360 20 None 2300
1356 345 365 20 None -4100
1357 345 365 20 None -1400
1358 345 365 20 None -2000
1359 350 370 20 None 900
1360 350 370 20 None -2200
1361 350 370 20 None 2100
1362 355 375 20 None -2100
1363 355 375 20 None -6000
1364 355 375 20 None -6600
1365 360 380 20 None 6800
1366 360 380 20 None -4900
1367 360 380 20 None -6400
1368 365 385 20 None 700
1369 365 385 20 None 7000
1370 365 385 20 None -100
1371 370 390 20 None 2900
1372 370 390 20 None 4000
1373 370 390 20 None 2000
1374 375 395 20 None -4100
1375 375 395 20 None -1900
1376 375 395 20 None -1500
1377 380 400 20 None 7000
1378 380 400 20 None 1500
1379 380 400 20 None -5700
1380 385 405 20 None 2800
1381 385 405 20 None -1700
1382 385 405 20 None 4800
1383 390 410 20 None 700
1384 390 410 20 None -400
1385 390 410 20 None 300
1386 395 415 20 None -4000
1387 395 415 20 None 1700
1388 395 415 20 None 1600
1389 400 420 20 None 6000
1390 400 420 20 None -6100
1391 400 420 20 None 4200
1392 405 425 20 None 1900
1393 405 425 20 None 5300
1394 405 425 20 None -4100
1395 410 430 20 None -5100
1396 410 430 20 None -1300
1397 410 430 20 None 5600
1398 415 435 20 None -7000
1399 415 435 20 None -3100
1400 415 435 20 None -2600
1401 420 440 20 None 3500
1402 420 440 20 None 5400
1403 420 440 20 None 1000
1404 425 445 20 None 7000
1405 425 445 20 None -4400
1406 425 445 20 None -6700
1407 430 450 20 None 5400
1408 430 450 20 None 3700
1409 430 450 20 None 2100
1410 435 455 20 None -4100
1411 435 455 20 None -1300
1412 435 455 20 None -6500
1413 440 460 20 None 400
1414 440 460 20 None -100
1415 440 460 20 None 0
1416 445 465 20 None -6200
1417 445 465 20 None -900
1418 445 465 20 None -2900
1419 450 470 20 None -3300
1420 450 470 20 None -1200
1421 450 470 20 None 4600
1422 455 475 20 None -1700
1423 455 475 20 None -1900
1424 455 475 20 None 4300
1425 460 480 20 None -2000
1426 460 480 20 None -5400
1427 460 480 20 None -1800
1428 465 485 20 None -4000
1429 465 485 20 None -1700
1430 465 485 20 None 3000
1431 470 490 20 None 300
1432 470 490 20 None 5800
1433 470 490 20 None 2500
1434 475 495 20 None 3800
1435 475 495 20 None -5100
1436 475 495 20 None 3800
1437 480 500 20 None -4300
1438 480 500 20 None -3800
1439 480 500 20 None -5300
1440 485 505 20 None 7000
1441 485 505 20 None 0
1442 485 505 20 None 6300
1443 490 510 20 None -3100
1444 490 510 20 None -1400
1445 490 510 20 None 1300
1446 495 515 20 None -1100
1447 495 515 20 None -1200
1448 495 515 20 None 5200
1449 500 520 20 None 1300
1450 500 520 20 None 4900
1451 500 520 20 None -1900
1452 505 525 20 None 2800
1453 505 525 20 None 2000
1454 505 525 20 None 1500
1455 510 530 20 None -1400
1456 510 530 20 None 4400
1457 510 530 20 None -3100
1458 515 535 20 None 6400
1459 515 535 20 None 3400
1460 515 535 20 None 4500
1461 520 540 20 None 1900
1462 520 540 20 None 1600
1463 520 540 20 None -3600
1464 525 545 20 None -3100
1465 525 545 20 None 6600
1466 525 545 20 None 1500
1467 530 550 20 None -2900
1468 530 550 20 None 500
1469 530 550 20 None 3800
1470 535 555 20 None 800
1471 535 555 20 None -2700
1472 535 555 20 None 3900
1473 540 560 20 None -2800
1474 540 560 20 None 6800
1475 540 560 20 None 3900
1476 545 565 20 None 4200
1477 545 565 20 None -6600
1478 545 565 20 None -5400
1479 550 570 20 None -3700
1480 550 570 20 None -6300
1481 550 570 20 None -3800
1482 555 575 20 None -2600
1483 555 575 20 None 6700
1484 555 575 20 None -5800
1485 560 580 20 None -5800
1486 560 580 20 None -3400
1487 560 580 20 None 4600
1488 565 585 20 None 2200
1489 565 585 20 None -3500
1490 565 585 20 None 400
1491 570 590 20 None -1100
1492 570 590 20 None 3000
1493 570 590 20 None -2800
1494 575 595 20 None 2200
1495 575 595 20 None -6800
1496 575 595 20 None 6400
1497 580 600 20 None 5900
1498 580 600 20 None -300
1499 580 600 20 None 2100
1500 585 605 20 None 4900
1501 585 605 20 None 1900
1502 585 605 20 None 5300
1503 590 610 20 None -1100
1504 590 610 20 None 7000
1505 590 610 20 None -800
1506 595 615 20 None 500
1507 595 615 20 None 6600
1508 595 615 20 None -1200
1509 600 620 20 None 5600
1510 600 620 20 None -3600
1511 600 620 20 None 4800
1512 605 625 20 None -800
1513 605 625 20 None -4900
1514 605 625 20 None -6400
1515 610 630 20 None 5800
1516 610 630 20 None 3100
1517 610 630 20 None -1600
1518 615 635 20 None 2700
1519 615 635 20 None 6400
1520 615 635 20 None -4800
1521 620 640 20 None -5600
1522 620 640 20 None -1700
1523 620 640 20 None 5100
1524 625 645 20 None -100
1525 625 645 20 None -1000
1526 625 645 20 None 5200
1527 630 650 20 None -4500
1528 630 650 20 None 100
1529 630 650 20 None 5100
1530 635 655 20 None -3300
1531 635 655 20 None -1000
1532 635 655 20 None -6000
1533 640 660 20 None 6600
1534 640 660 20 None 5700
1535 640 660 20 None 600
1536 645 665 20 None 1800
1537 645 665 20 None 2700
1538 645 665 20 None 2700
