0 0 20 001 01 0
1 0 20 001 01 4500
2 0 20 001 01 0
3 0 20 001 01 0
4 0 20 001 01 0
5 0 20 001 01 3100
6 0 20 001 01 4400
7 0 20 001 01 6300
8 0 20 001 01 0
9 0 20 001 01 0
10 5 25 001 01 -4900
11 5 25 001 01 -5000
12 5 25 001 01 5050
13 5 25 001 01 -5000
14 5 25 001 01 4500
15 5 25 001 01 -2600
16 5 25 001 01 -500
17 5 25 001 01 5050
18 5 25 001 01 2900
19 5 25 001 01 4700
20 0 20 001 01 4600
21 0 20 001 01 5700
22 0 20 001 01 0
23 0 20 001 01 0
24 0 20 001 01 1000
25 0 20 001 01 0
26 0 20 001 01 0
27 0 20 001 01 0
28 0 20 001 01 0
29 0 20 001 01 0
30 5 25 001 01 5050
31 5 25 001 01 -700
32 5 25 001 01 5050
33 5 25 001 01 900
34 5 25 001 01 2400
35 5 25 001 01 -4100
36 5 25 001 01 600
37 5 25 001 01 -4500
38 5 25 001 01 -4300
39 5 25 001 01 2400
40 0 20 001 01 0
41 0 20 001 01 0
42 0 20 001 01 0
43 0 20 001 01 0
44 0 20 001 01 3100
45 0 20 001 01 0
46 0 20 001 01 0
47 0 20 001 01 4600
48 0 20 001 01 7000
49 0 20 001 01 0
50 5 25 001 01 5050
51 5 25 001 01 -5000
52 5 25 001 01 -5000
53 5 25 001 01 5050
54 5 25 001 01 -5000
55 5 25 001 01 -4700
56 5 25 001 01 -5000
57 5 25 001 01 3800
58 5 25 001 01 -400
59 5 25 001 01 -5000
60 0 20 001 01 5600
61 0 20 001 01 2500
62 0 20 001 01 0
63 0 20 001 01 0
64 0 20 001 01 3900
65 0 20 001 01 100
66 0 20 001 01 0
67 0 20 001 01 0
68 0 20 001 01 0
69 0 20 001 01 3200
70 5 25 001 01 -2800
71 5 25 001 01 5050
72 5 25 001 01 5050
73 5 25 001 01 5050
74 5 25 001 01 -3200
75 5 25 001 01 5050
76 5 25 001 01 -2800
77 5 25 001 01 -3300
78 5 25 001 01 4800
79 5 25 001 01 -3900
80 0 20 001 03 6600
81 0 20 001 03 0
82 0 20 001 03 0
83 0 20 001 03 6300
84 0 20 001 03 2900
85 0 20 001 03 1900
86 0 20 001 03 3000
87 0 20 001 03 2200
88 0 20 001 03 0
89 0 20 001 03 2600
90 5 25 001 03 -300
91 5 25 001 03 4100
92 5 25 001 03 -3000
93 5 25 001 03 3400
94 5 25 001 03 3600
95 5 25 001 03 -5000
96 5 25 001 03 -1900
97 5 25 001 03 1100
98 5 25 001 03 1600
99 5 25 001 03 -3800
100 0 20 001 03 0
101 0 20 001 03 5800
102 0 20 001 03 0
103 0 20 001 03 0
104 0 20 001 03 0
105 0 20 001 03 0
106 0 20 001 03 1300
107 0 20 001 03 0
108 0 20 001 03 1500
109 0 20 001 03 4700
110 5 25 001 03 5050
111 5 25 001 03 1100
112 5 25 001 03 -900
113 5 25 001 03 -2300
114 5 25 001 03 -5000
115 5 25 001 03 5050
116 5 25 001 03 4300
117 5 25 001 03 4800
118 5 25 001 03 4800
119 5 25 001 03 5050
120 0 20 001 03 2700
121 0 20 001 03 2500
122 0 20 001 03 1500
123 0 20 001 03 0
124 0 20 001 03 0
125 0 20 001 03 0
126 0 20 001 03 0
127 0 20 001 03 0
128 0 20 001 03 0
129 0 20 001 03 0
130 5 25 001 03 -4700
131 5 25 001 03 -5000
132 5 25 001 03 4900
133 5 25 001 03 -5000
134 5 25 001 03 2200
135 5 25 001 03 -900
136 5 25 001 03 -2500
137 5 25 001 03 -5000
138 5 25 001 03 0
139 5 25 001 03 -1700
140 0 20 002 03 0
141 0 20 002 03 5700
142 0 20 002 03 0
143 0 20 002 03 6500
144 0 20 002 03 0
145 0 20 002 03 5500
146 0 20 002 03 0
147 0 20 002 03 0
148 0 20 002 03 3700
149 0 20 002 03 300
150 5 25 002 03 900
151 5 25 002 03 2400
152 5 25 002 03 800
153 5 25 002 03 3600
154 5 25 002 03 700
155 5 25 002 03 2000
156 5 25 002 03 -2900
157 5 25 002 03 -5000
158 5 25 002 03 5050
159 5 25 002 03 -1500
160 0 20 002 03 3200
161 0 20 002 03 3700
162 0 20 002 03 0
163 0 20 002 03 6000
164 0 20 002 03 0
165 0 20 002 03 4000
166 0 20 002 03 1600
167 0 20 002 03 3600
168 0 20 002 03 0
169 0 20 002 03 0
170 5 25 002 03 -5000
171 5 25 002 03 5050
172 5 25 002 03 -5000
173 5 25 002 03 -4400
174 5 25 002 03 2800
175 5 25 002 03 5050
176 5 25 002 03 5050
177 5 25 002 03 5050
178 5 25 002 03 -3300
179 5 25 002 03 -5000
180 0 20 002 03 2500
181 0 20 002 03 0
182 0 20 002 03 1600
183 0 20 002 03 2900
184 0 20 002 03 0
185 0 20 002 03 3900
186 0 20 002 03 3000
187 0 20 002 03 4500
188 0 20 002 03 600
189 0 20 002 03 1200
190 5 25 002 03 -2500
191 5 25 002 03 5050
192 5 25 002 03 -4200
193 5 25 002 03 4800
194 5 25 002 03 5050
195 5 25 002 03 -5000
196 5 25 002 03 2600
197 5 25 002 03 5050
198 5 25 002 03 2900
199 5 25 002 03 2300
200 0 20 003 03 0
201 0 20 003 03 0
202 0 20 003 03 0
203 0 20 003 03 0
204 0 20 003 03 0
205 0 20 003 03 1800
206 0 20 003 03 0
207 0 20 003 03 5700
208 0 20 003 03 5900
209 0 20 003 03 100
210 5 25 003 03 -1800
211 5 25 003 03 -4200
212 5 25 003 03 0
213 5 25 003 03 -1700
214 5 25 003 03 -5000
215 5 25 003 03 1500
216 5 25 003 03 -2900
217 5 25 003 03 -5000
218 5 25 003 03 -2400
219 5 25 003 03 1400
220 0 20 003 03 0
221 0 20 003 03 1400
222 0 20 003 03 0
223 0 20 003 03 6200
224 0 20 003 03 3000
225 0 20 003 03 3300
226 0 20 003 03 0
227 0 20 003 03 5000
228 0 20 003 03 0
229 0 20 003 03 0
230 5 25 003 03 -2700
231 5 25 003 03 -4600
232 5 25 003 03 -1100
233 5 25 003 03 3100
234 5 25 003 03 -3200
235 5 25 003 03 4700
236 5 25 003 03 -4000
237 5 25 003 03 3000
238 5 25 003 03 5050
239 5 25 003 03 -5000
240 0 20 003 03 0
241 0 20 003 03 0
242 0 20 003 03 5100
243 0 20 003 03 0
244 0 20 003 03 5700
245 0 20 003 03 0
246 0 20 003 03 6300
247 0 20 003 03 200
248 0 20 003 03 0
249 0 20 003 03 5000
250 5 25 003 03 5050
251 5 25 003 03 5050
252 5 25 003 03 1700
253 5 25 003 03 3700
254 5 25 003 03 -4900
255 5 25 003 03 5050
256 5 25 003 03 5050
257 5 25 003 03 -3000
258 5 25 003 03 -5000
259 5 25 003 03 4600
260 0 20 001 04 4400
261 0 20 001 04 0
262 0 20 001 04 0
263 0 20 001 04 5000
264 0 20 001 04 3200
265 0 20 001 04 1700
266 0 20 001 04 0
267 0 20 001 04 1500
268 0 20 001 04 1500
269 0 20 001 04 600
270 5 25 001 04 4800
271 5 25 001 04 -3900
272 5 25 001 04 -2400
273 5 25 001 04 -4800
274 5 25 001 04 5050
275 5 25 001 04 5000
276 5 25 001 04 2800
277 5 25 001 04 100
278 5 25 001 04 -1600
279 5 25 001 04 -4500
280 0 20 001 04 900
281 0 20 001 04 6200
282 0 20 001 04 0
283 0 20 001 04 1800
284 0 20 001 04 0
285 0 20 001 04 5400
286 0 20 001 04 3600
287 0 20 001 04 3600
288 0 20 001 04 5800
289 0 20 001 04 1200
290 5 25 001 04 -700
291 5 25 001 04 -2100
292 5 25 001 04 2300
293 5 25 001 04 -2200
294 5 25 001 04 4500
295 5 25 001 04 -200
296 5 25 001 04 1300
297 5 25 001 04 -5000
298 5 25 001 04 -400
299 5 25 001 04 -5000
300 0 20 001 04 3000
301 0 20 001 04 0
302 0 20 001 04 3400
303 0 20 001 04 1200
304 0 20 001 04 0
305 0 20 001 04 5900
306 0 20 001 04 0
307 0 20 001 04 2300
308 0 20 001 04 0
309 0 20 001 04 2600
310 5 25 001 04 4200
311 5 25 001 04 5050
312 5 25 001 04 5050
313 5 25 001 04 -2500
314 5 25 001 04 2000
315 5 25 001 04 -1900
316 5 25 001 04 3800
317 5 25 001 04 -3600
318 5 25 001 04 -1100
319 5 25 001 04 700
320 0 20 001 04 0
321 0 20 001 04 0
322 0 20 001 04 3700
323 0 20 001 04 0
324 0 20 001 04 3800
325 0 20 001 04 0
326 0 20 001 04 0
327 0 20 001 04 0
328 0 20 001 04 0
329 0 20 001 04 700
330 5 25 001 04 -1700
331 5 25 001 04 -5000
332 5 25 001 04 -2300
333 5 25 001 04 1800
334 5 25 001 04 -2300
335 5 25 001 04 -1500
336 5 25 001 04 -3600
337 5 25 001 04 1400
338 5 25 001 04 -4600
339 5 25 001 04 3300
340 0 20 002 04 1700
341 0 20 002 04 4600
342 0 20 002 04 6300
343 0 20 002 04 0
344 0 20 002 04 6100
345 0 20 002 04 3500
346 0 20 002 04 0
347 0 20 002 04 5400
348 0 20 002 04 2100
349 0 20 002 04 0
350 5 25 002 04 -2800
351 5 25 002 04 4800
352 5 25 002 04 -5000
353 5 25 002 04 -3600
354 5 25 002 04 4000
355 5 25 002 04 400
356 5 25 002 04 -4500
357 5 25 002 04 1300
358 5 25 002 04 1400
359 5 25 002 04 5050
360 0 20 002 04 4700
361 0 20 002 04 4600
362 0 20 002 04 0
363 0 20 002 04 6100
364 0 20 002 04 5600
365 0 20 002 04 0
366 0 20 002 04 6000
367 0 20 002 04 5400
368 0 20 002 04 0
369 0 20 002 04 4500
370 5 25 002 04 -1000
371 5 25 002 04 5050
372 5 25 002 04 3600
373 5 25 002 04 -400
374 5 25 002 04 -4100
375 5 25 002 04 -900
376 5 25 002 04 -5000
377 5 25 002 04 -2900
378 5 25 002 04 -5000
379 5 25 002 04 -3300
380 0 20 002 04 4600
381 0 20 002 04 0
382 0 20 002 04 3900
383 0 20 002 04 6600
384 0 20 002 04 3400
385 0 20 002 04 0
386 0 20 002 04 0
387 0 20 002 04 1300
388 0 20 002 04 0
389 0 20 002 04 0
390 5 25 002 04 5050
391 5 25 002 04 3200
392 5 25 002 04 900
393 5 25 002 04 -3200
394 5 25 002 04 -2400
395 5 25 002 04 5050
396 5 25 002 04 3100
397 5 25 002 04 -3900
398 5 25 002 04 0
399 5 25 002 04 -3100
400 0 20 002 04 0
401 0 20 002 04 0
402 0 20 002 04 600
403 0 20 002 04 1400
404 0 20 002 04 1700
405 0 20 002 04 5700
406 0 20 002 04 4400
407 0 20 002 04 0
408 0 20 002 04 0
409 0 20 002 04 0
410 5 25 002 04 -2400
411 5 25 002 04 -4700
412 5 25 002 04 5050
413 5 25 002 04 -5000
414 5 25 002 04 4100
415 5 25 002 04 5050
416 5 25 002 04 5050
417 5 25 002 04 -500
418 5 25 002 04 -600
419 5 25 002 04 2900
420 0 20 003 04 0
421 0 20 003 04 3200
422 0 20 003 04 100
423 0 20 003 04 0
424 0 20 003 04 0
425 0 20 003 04 0
426 0 20 003 04 0
427 0 20 003 04 0
428 0 20 003 04 400
429 0 20 003 04 300
430 5 25 003 04 -5000
431 5 25 003 04 3550
432 5 25 003 04 3550
433 5 25 003 04 3000
434 5 25 003 04 -400
435 5 25 003 04 200
436 5 25 003 04 -3500
437 5 25 003 04 1200
438 5 25 003 04 -5000
439 5 25 003 04 -1500
440 0 20 003 04 0
441 0 20 003 04 2300
442 0 20 003 04 0
443 0 20 003 04 0
444 0 20 003 04 0
445 0 20 003 04 0
446 0 20 003 04 0
447 0 20 003 04 0
448 0 20 003 04 6600
449 0 20 003 04 0
450 5 25 003 04 2700
451 5 25 003 04 -5000
452 5 25 003 04 -800
453 5 25 003 04 -4500
454 5 25 003 04 3550
455 5 25 003 04 -5000
456 5 25 003 04 -4300
457 5 25 003 04 3550
458 5 25 003 04 3550
459 5 25 003 04 -1500
460 0 20 003 04 2400
461 0 20 003 04 0
462 0 20 003 04 6200
463 0 20 003 04 2100
464 0 20 003 04 4700
465 0 20 003 04 0
466 0 20 003 04 6100
467 0 20 003 04 0
468 0 20 003 04 1300
469 0 20 003 04 2000
470 5 25 003 04 200
471 5 25 003 04 -4300
472 5 25 003 04 -700
473 5 25 003 04 2200
474 5 25 003 04 800
475 5 25 003 04 -400
476 5 25 003 04 -5000
477 5 25 003 04 400
478 5 25 003 04 -500
479 5 25 003 04 -1500
480 0 20 003 04 3800
481 0 20 003 04 2500
482 0 20 003 04 2600
483 0 20 003 04 0
484 0 20 003 04 6800
485 0 20 003 04 3700
486 0 20 003 04 5900
487 0 20 003 04 2500
488 0 20 003 04 5000
489 0 20 003 04 0
490 5 25 003 04 3550
491 5 25 003 04 3550
492 5 25 003 04 3550
493 5 25 003 04 3500
494 5 25 003 04 2100
495 5 25 003 04 3550
496 5 25 003 04 -4400
497 5 25 003 04 3550
498 5 25 003 04 -5000
499 5 25 003 04 3000
500 0 20 001 05 3500
501 0 20 001 05 0
502 0 20 001 05 0
503 0 20 001 05 100
504 0 20 001 05 0
505 0 20 001 05 3400
506 0 20 001 05 0
507 0 20 001 05 7000
508 0 20 001 05 0
509 0 20 001 05 0
510 5 25 001 05 5050
511 5 25 001 05 -1500
512 5 25 001 05 400
513 5 25 001 05 3800
514 5 25 001 05 -3700
515 5 25 001 05 -5000
516 5 25 001 05 5050
517 5 25 001 05 -3200
518 5 25 001 05 700
519 5 25 001 05 -3900
520 0 20 001 05 0
521 0 20 001 05 0
522 0 20 001 05 0
523 0 20 001 05 4000
524 0 20 001 05 2900
525 0 20 001 05 600
526 0 20 001 05 6300
527 0 20 001 05 0
528 0 20 001 05 0
529 0 20 001 05 4300
530 5 25 001 05 -4600
531 5 25 001 05 5050
532 5 25 001 05 -5000
533 5 25 001 05 900
534 5 25 001 05 -2600
535 5 25 001 05 -3100
536 5 25 001 05 400
537 5 25 001 05 -2500
538 5 25 001 05 -3900
539 5 25 001 05 -2100
540 0 20 001 05 0
541 0 20 001 05 3000
542 0 20 001 05 4300
543 0 20 001 05 1400
544 0 20 001 05 6400
545 0 20 001 05 2200
546 0 20 001 05 0
547 0 20 001 05 1900
548 0 20 001 05 0
549 0 20 001 05 1000
550 5 25 001 05 3500
551 5 25 001 05 5050
552 5 25 001 05 -5000
553 5 25 001 05 -4500
554 5 25 001 05 -5000
555 5 25 001 05 4600
556 5 25 001 05 -3800
557 5 25 001 05 1800
558 5 25 001 05 5050
559 5 25 001 05 -1600
560 0 20 001 05 4900
561 0 20 001 05 0
562 0 20 001 05 0
563 0 20 001 05 1400
564 0 20 001 05 0
565 0 20 001 05 6200
566 0 20 001 05 2900
567 0 20 001 05 4400
568 0 20 001 05 2100
569 0 20 001 05 5600
570 5 25 001 05 -4700
571 5 25 001 05 -2300
572 5 25 001 05 -1000
573 5 25 001 05 -900
574 5 25 001 05 5050
575 5 25 001 05 -5000
576 5 25 001 05 2200
577 5 25 001 05 1900
578 5 25 001 05 4000
579 5 25 001 05 3300
580 0 20 002 05 4400
581 0 20 002 05 1800
582 0 20 002 05 5700
583 0 20 002 05 5000
584 0 20 002 05 0
585 0 20 002 05 6300
586 0 20 002 05 0
587 0 20 002 05 3000
588 0 20 002 05 1300
589 0 20 002 05 0
590 5 25 002 05 3600
591 5 25 002 05 500
592 5 25 002 05 -5000
593 5 25 002 05 2700
594 5 25 002 05 900
595 5 25 002 05 3500
596 5 25 002 05 5050
597 5 25 002 05 5050
598 5 25 002 05 -3100
599 5 25 002 05 -2500
600 0 20 002 05 3100
601 0 20 002 05 0
602 0 20 002 05 0
603 0 20 002 05 0
604 0 20 002 05 5800
605 0 20 002 05 6100
606 0 20 002 05 0
607 0 20 002 05 0
608 0 20 002 05 6000
609 0 20 002 05 4000
610 5 25 002 05 -5000
611 5 25 002 05 5050
612 5 25 002 05 -1300
613 5 25 002 05 -5000
614 5 25 002 05 5050
615 5 25 002 05 5050
616 5 25 002 05 3400
617 5 25 002 05 5050
618 5 25 002 05 -500
619 5 25 002 05 2900
620 0 20 002 05 0
621 0 20 002 05 4500
622 0 20 002 05 0
623 0 20 002 05 3500
624 0 20 002 05 0
625 0 20 002 05 1400
626 0 20 002 05 3200
627 0 20 002 05 0
628 0 20 002 05 0
629 0 20 002 05 0
630 5 25 002 05 -2800
631 5 25 002 05 -5000
632 5 25 002 05 -5000
633 5 25 002 05 5050
634 5 25 002 05 2000
635 5 25 002 05 4900
636 5 25 002 05 3800
637 5 25 002 05 1000
638 5 25 002 05 5050
639 5 25 002 05 4500
640 0 20 002 05 0
641 0 20 002 05 6700
642 0 20 002 05 3200
643 0 20 002 05 0
644 0 20 002 05 0
645 0 20 002 05 0
646 0 20 002 05 0
647 0 20 002 05 2700
648 0 20 002 05 0
649 0 20 002 05 900
650 5 25 002 05 4800
651 5 25 002 05 -3300
652 5 25 002 05 -2900
653 5 25 002 05 -2800
654 5 25 002 05 -3800
655 5 25 002 05 -4300
656 5 25 002 05 3300
657 5 25 002 05 -1900
658 5 25 002 05 3000
659 5 25 002 05 -100
660 0 20 003 05 0
661 0 20 003 05 800
662 0 20 003 05 1400
663 0 20 003 05 4050
664 0 20 003 05 0
665 0 20 003 05 300
666 0 20 003 05 0
667 0 20 003 05 2200
668 0 20 003 05 0
669 0 20 003 05 900
670 0 20 003 05 0
671 0 20 003 05 0
672 0 20 003 05 100
673 0 20 003 05 0
674 0 20 003 05 0
675 0 20 003 05 4050
676 0 20 003 05 0
677 0 20 003 05 0
678 0 20 003 05 0
679 0 20 003 05 3600
680 0 20 003 05 4050
681 0 20 003 05 0
682 0 20 003 05 0
683 0 20 003 05 0
684 0 20 003 05 0
685 0 20 003 05 900
686 0 20 003 05 2900
687 0 20 003 05 0
688 0 20 003 05 4050
689 0 20 003 05 0
690 0 20 003 05 4050
691 0 20 003 05 4050
692 0 20 003 05 4050
693 0 20 003 05 0
694 0 20 003 05 3900
695 0 20 003 05 4050
696 0 20 003 05 0
697 0 20 003 05 4050
698 0 20 003 05 0
699 0 20 003 05 0
700 0 20 004 05 4600
701 0 20 004 05 1000
702 0 20 004 05 0
703 0 20 004 05 0
704 0 20 004 05 0
705 0 20 004 05 6400
706 0 20 004 05 0
707 0 20 004 05 1100
708 0 20 004 05 5600
709 0 20 004 05 4800
710 5 25 004 05 -4100
711 5 25 004 05 5050
712 5 25 004 05 3000
713 5 25 004 05 200
714 5 25 004 05 -500
715 5 25 004 05 5050
716 5 25 004 05 2100
717 5 25 004 05 -3100
718 5 25 004 05 5050
719 5 25 004 05 500
720 0 20 004 05 0
721 0 20 004 05 0
722 0 20 004 05 0
723 0 20 004 05 0
724 0 20 004 05 5500
725 0 20 004 05 1300
726 0 20 004 05 0
727 0 20 004 05 1000
728 0 20 004 05 0
729 0 20 004 05 0
730 5 25 004 05 -5000
731 5 25 004 05 5050
732 5 25 004 05 -5000
733 5 25 004 05 3000
734 5 25 004 05 -4100
735 5 25 004 05 800
736 5 25 004 05 -1700
737 5 25 004 05 -2400
738 5 25 004 05 5050
739 5 25 004 05 -1500
740 0 20 004 05 6000
741 0 20 004 05 0
742 0 20 004 05 6800
743 0 20 004 05 1100
744 0 20 004 05 5400
745 0 20 004 05 0
746 0 20 004 05 4900
747 0 20 004 05 6600
748 0 20 004 05 4400
749 0 20 004 05 0
750 5 25 004 05 3900
751 5 25 004 05 -3500
752 5 25 004 05 -2700
753 5 25 004 05 4600
754 5 25 004 05 -900
755 5 25 004 05 3600
756 5 25 004 05 1600
757 5 25 004 05 -5000
758 5 25 004 05 1300
759 5 25 004 05 -4300
760 0 20 004 05 0
761 0 20 004 05 2400
762 0 20 004 05 4200
763 0 20 004 05 1600
764 0 20 004 05 0
765 0 20 004 05 0
766 0 20 004 05 4700
767 0 20 004 05 0
768 0 20 004 05 0
769 0 20 004 05 3000
770 5 25 004 05 5050
771 5 25 004 05 300
772 5 25 004 05 -200
773 5 25 004 05 -1000
774 5 25 004 05 -200
775 5 25 004 05 -5000
776 5 25 004 05 -5000
777 5 25 004 05 5050
778 5 25 004 05 5050
779 5 25 004 05 3000
780 0 20 001 06 4100
781 0 20 001 06 2700
782 0 20 001 06 0
783 0 20 001 06 0
784 0 20 001 06 4700
785 0 20 001 06 0
786 0 20 001 06 0
787 0 20 001 06 0
788 0 20 001 06 600
789 0 20 001 06 3900
790 5 25 001 06 5050
791 5 25 001 06 5050
792 5 25 001 06 1100
793 5 25 001 06 5050
794 5 25 001 06 2700
795 5 25 001 06 -3100
796 5 25 001 06 1800
797 5 25 001 06 -2600
798 5 25 001 06 4100
799 5 25 001 06 -5000
800 0 20 001 06 0
801 0 20 001 06 0
802 0 20 001 06 0
803 0 20 001 06 0
804 0 20 001 06 0
805 0 20 001 06 3800
806 0 20 001 06 0
807 0 20 001 06 1500
808 0 20 001 06 800
809 0 20 001 06 0
810 5 25 001 06 -4900
811 5 25 001 06 -5000
812 5 25 001 06 4800
813 5 25 001 06 -100
814 5 25 001 06 -5000
815 5 25 001 06 -300
816 5 25 001 06 2200
817 5 25 001 06 4500
818 5 25 001 06 1300
819 5 25 001 06 -800
820 0 20 001 06 2800
821 0 20 001 06 4500
822 0 20 001 06 0
823 0 20 001 06 4100
824 0 20 001 06 5200
825 0 20 001 06 3100
826 0 20 001 06 500
827 0 20 001 06 0
828 0 20 001 06 0
829 0 20 001 06 2400
830 5 25 001 06 5050
831 5 25 001 06 3600
832 5 25 001 06 5050
833 5 25 001 06 -200
834 5 25 001 06 1800
835 5 25 001 06 -500
836 5 25 001 06 5050
837 5 25 001 06 -4100
838 5 25 001 06 2900
839 5 25 001 06 -1300
840 0 20 001 06 0
841 0 20 001 06 0
842 0 20 001 06 200
843 0 20 001 06 2700
844 0 20 001 06 0
845 0 20 001 06 2600
846 0 20 001 06 0
847 0 20 001 06 0
848 0 20 001 06 0
849 0 20 001 06 1100
850 5 25 001 06 3700
851 5 25 001 06 -5000
852 5 25 001 06 3100
853 5 25 001 06 -100
854 5 25 001 06 5050
855 5 25 001 06 100
856 5 25 001 06 -1600
857 5 25 001 06 -3000
858 5 25 001 06 -1900
859 5 25 001 06 4200
860 0 20 002 06 200
861 0 20 002 06 4100
862 0 20 002 06 6000
863 0 20 002 06 0
864 0 20 002 06 2500
865 0 20 002 06 0
866 0 20 002 06 500
867 0 20 002 06 0
868 0 20 002 06 4300
869 0 20 002 06 3600
870 5 25 002 06 -200
871 5 25 002 06 100
872 5 25 002 06 5050
873 5 25 002 06 -2300
874 5 25 002 06 -600
875 5 25 002 06 -3800
876 5 25 002 06 5050
877 5 25 002 06 -5000
878 5 25 002 06 -5000
879 5 25 002 06 0
880 0 20 002 06 0
881 0 20 002 06 0
882 0 20 002 06 0
883 0 20 002 06 3700
884 0 20 002 06 500
885 0 20 002 06 1000
886 0 20 002 06 0
887 0 20 002 06 4000
888 0 20 002 06 0
889 0 20 002 06 0
890 5 25 002 06 3700
891 5 25 002 06 3300
892 5 25 002 06 5000
893 5 25 002 06 1200
894 5 25 002 06 -3100
895 5 25 002 06 3000
896 5 25 002 06 5050
897 5 25 002 06 -3600
898 5 25 002 06 5050
899 5 25 002 06 -5000
900 0 20 002 06 5300
901 0 20 002 06 3000
902 0 20 002 06 0
903 0 20 002 06 3000
904 0 20 002 06 0
905 0 20 002 06 0
906 0 20 002 06 6500
907 0 20 002 06 0
908 0 20 002 06 400
909 0 20 002 06 4600
910 5 25 002 06 2300
911 5 25 002 06 500
912 5 25 002 06 2700
913 5 25 002 06 600
914 5 25 002 06 1600
915 5 25 002 06 -700
916 5 25 002 06 -5000
917 5 25 002 06 4500
918 5 25 002 06 5050
919 5 25 002 06 0
920 0 20 002 06 0
921 0 20 002 06 4200
922 0 20 002 06 0
923 0 20 002 06 5200
924 0 20 002 06 5400
925 0 20 002 06 0
926 0 20 002 06 0
927 0 20 002 06 400
928 0 20 002 06 100
929 0 20 002 06 0
930 5 25 002 06 4600
931 5 25 002 06 -2800
932 5 25 002 06 1800
933 5 25 002 06 -1200
934 5 25 002 06 300
935 5 25 002 06 -200
936 5 25 002 06 -1700
937 5 25 002 06 300
938 5 25 002 06 3100
939 5 25 002 06 -3900
940 0 20 004 06 4000
941 0 20 004 06 0
942 0 20 004 06 1700
943 0 20 004 06 0
944 0 20 004 06 0
945 0 20 004 06 400
946 0 20 004 06 6500
947 0 20 004 06 0
948 0 20 004 06 2500
949 0 20 004 06 0
950 5 25 004 06 1200
951 5 25 004 06 -4700
952 5 25 004 06 2550
953 5 25 004 06 2550
954 5 25 004 06 -2700
955 5 25 004 06 -5000
956 5 25 004 06 2550
957 5 25 004 06 800
958 5 25 004 06 1900
959 5 25 004 06 -5000
960 0 20 004 06 0
961 0 20 004 06 0
962 0 20 004 06 0
963 0 20 004 06 0
964 0 20 004 06 1600
965 0 20 004 06 0
966 0 20 004 06 0
967 0 20 004 06 3400
968 0 20 004 06 2900
969 0 20 004 06 6900
970 5 25 004 06 -3600
971 5 25 004 06 -1700
972 5 25 004 06 -5000
973 5 25 004 06 -900
974 5 25 004 06 2550
975 5 25 004 06 -500
976 5 25 004 06 2550
977 5 25 004 06 2550
978 5 25 004 06 2300
979 5 25 004 06 900
980 0 20 004 06 4300
981 0 20 004 06 500
982 0 20 004 06 0
983 0 20 004 06 0
984 0 20 004 06 300
985 0 20 004 06 6400
986 0 20 004 06 0
987 0 20 004 06 0
988 0 20 004 06 0
989 0 20 004 06 0
990 5 25 004 06 -400
991 5 25 004 06 -1600
992 5 25 004 06 -2100
993 5 25 004 06 2550
994 5 25 004 06 -1400
995 5 25 004 06 -500
996 5 25 004 06 -5000
997 5 25 004 06 2550
998 5 25 004 06 1900
999 5 25 004 06 -5000
1000 0 20 004 06 0
1001 0 20 004 06 0
1002 0 20 004 06 0
1003 0 20 004 06 2900
1004 0 20 004 06 1800
1005 0 20 004 06 4000
1006 0 20 004 06 4100
1007 0 20 004 06 0
1008 0 20 004 06 0
1009 0 20 004 06 2800
1010 5 25 004 06 -5000
1011 5 25 004 06 -2500
1012 5 25 004 06 400
1013 5 25 004 06 -2600
1014 5 25 004 06 1500
1015 5 25 004 06 500
1016 5 25 004 06 -2900
1017 5 25 004 06 -5000
1018 5 25 004 06 2550
1019 5 25 004 06 2550
1020 0 20 001 07 4900
1021 0 20 001 07 1700
1022 0 20 001 07 5900
1023 0 20 001 07 1300
1024 0 20 001 07 0
1025 0 20 001 07 0
1026 0 20 001 07 0
1027 0 20 001 07 0
1028 0 20 001 07 0
1029 0 20 001 07 0
1030 5 25 001 07 -700
1031 5 25 001 07 -2400
1032 5 25 001 07 300
1033 5 25 001 07 -2800
1034 5 25 001 07 3900
1035 5 25 001 07 -4600
1036 5 25 001 07 -300
1037 5 25 001 07 -3700
1038 5 25 001 07 -5000
1039 5 25 001 07 -5000
1040 0 20 001 07 0
1041 0 20 001 07 3600
1042 0 20 001 07 900
1043 0 20 001 07 0
1044 0 20 001 07 0
1045 0 20 001 07 3100
1046 0 20 001 07 0
1047 0 20 001 07 1000
1048 0 20 001 07 6800
1049 0 20 001 07 0
1050 5 25 001 07 2100
1051 5 25 001 07 -2100
1052 5 25 001 07 -100
1053 5 25 001 07 4000
1054 5 25 001 07 5050
1055 5 25 001 07 -5000
1056 5 25 001 07 2800
1057 5 25 001 07 -5000
1058 5 25 001 07 -1100
1059 5 25 001 07 3500
1060 0 20 002 07 6500
1061 0 20 002 07 0
1062 0 20 002 07 0
1063 0 20 002 07 3600
1064 0 20 002 07 0
1065 0 20 002 07 0
1066 0 20 002 07 4700
1067 0 20 002 07 0
1068 0 20 002 07 0
1069 0 20 002 07 6200
1070 5 25 002 07 -3500
1071 5 25 002 07 -2300
1072 5 25 002 07 -500
1073 5 25 002 07 -5000
1074 5 25 002 07 5300
1075 5 25 002 07 -5000
1076 5 25 002 07 1100
1077 5 25 002 07 1600
1078 5 25 002 07 -400
1079 5 25 002 07 400
1080 10 30 002 07 1000
1081 10 30 002 07 4200
1082 10 30 002 07 3300
1083 10 30 002 07 -3400
1084 10 30 002 07 3000
1085 10 30 002 07 6100
1086 10 30 002 07 1300
1087 10 30 002 07 -3500
1088 10 30 002 07 -4400
1089 10 30 002 07 600
1090 15 35 002 07 2900
1091 15 35 002 07 -6600
1092 15 35 002 07 6100
1093 15 35 002 07 -4200
1094 15 35 002 07 2300
1095 15 35 002 07 6700
1096 15 35 002 07 1000
1097 15 35 002 07 -6900
1098 15 35 002 07 1200
1099 15 35 002 07 -500
1100 20 40 002 07 -300
1101 20 40 002 07 300
1102 20 40 002 07 3600
1103 20 40 002 07 -5800
1104 20 40 002 07 1300
1105 20 40 002 07 -4100
1106 20 40 002 07 4700
1107 20 40 002 07 -3200
1108 20 40 002 07 -2500
1109 20 40 002 07 -3300
1110 25 45 002 07 6100
1111 25 45 002 07 5800
1112 25 45 002 07 -4900
1113 25 45 002 07 1500
1114 25 45 002 07 -4600
1115 25 45 002 07 -600
1116 25 45 002 07 6000
1117 25 45 002 07 -6000
1118 25 45 002 07 2000
1119 25 45 002 07 -3200
1120 30 50 002 07 -4300
1121 30 50 002 07 -6800
1122 30 50 002 07 -3000
1123 30 50 002 07 400
1124 30 50 002 07 3300
1125 30 50 002 07 4500
1126 30 50 002 07 3300
1127 30 50 002 07 -6300
1128 30 50 002 07 -1300
1129 30 50 002 07 -3600
1130 35 55 002 07 3200
1131 35 55 002 07 -5500
1132 35 55 002 07 4000
1133 35 55 002 07 2000
1134 35 55 002 07 -3000
1135 35 55 002 07 1200
1136 35 55 002 07 2800
1137 35 55 002 07 -1800
1138 35 55 002 07 -1200
1139 35 55 002 07 3100
1140 0 20 002 07 4100
1141 0 20 002 07 0
1142 0 20 002 07 100
1143 0 20 002 07 3800
1144 0 20 002 07 5200
1145 0 20 002 07 2100
1146 0 20 002 07 0
1147 0 20 002 07 0
1148 0 20 002 07 7000
1149 0 20 002 07 0
1150 5 25 002 07 -400
1151 5 25 002 07 -1200
1152 5 25 002 07 -2100
1153 5 25 002 07 3000
1154 5 25 002 07 1500
1155 5 25 002 07 -2100
1156 5 25 002 07 -2200
1157 5 25 002 07 -1800
1158 5 25 002 07 -1200
1159 5 25 002 07 -1800
1160 10 30 002 07 4500
1161 10 30 002 07 -400
1162 10 30 002 07 6200
1163 10 30 002 07 5100
1164 10 30 002 07 3400
1165 10 30 002 07 2700
1166 10 30 002 07 -3700
1167 10 30 002 07 -5500
1168 10 30 002 07 100
1169 10 30 002 07 900
1170 15 35 002 07 1100
1171 15 35 002 07 5800
1172 15 35 002 07 7000
1173 15 35 002 07 -4500
1174 15 35 002 07 2800
1175 15 35 002 07 -700
1176 15 35 002 07 3800
1177 15 35 002 07 400
1178 15 35 002 07 -100
1179 15 35 002 07 400
1180 20 40 002 07 2900
1181 20 40 002 07 700
1182 20 40 002 07 -6200
1183 20 40 002 07 -5100
1184 20 40 002 07 -5900
1185 20 40 002 07 -1200
1186 20 40 002 07 5300
1187 20 40 002 07 -7000
1188 20 40 002 07 -5600
1189 20 40 002 07 -5400
1190 25 45 002 07 4700
1191 25 45 002 07 -6300
1192 25 45 002 07 -800
1193 25 45 002 07 -1500
1194 25 45 002 07 -1800
1195 25 45 002 07 -600
1196 25 45 002 07 -4700
1197 25 45 002 07 -5400
1198 25 45 002 07 -4400
1199 25 45 002 07 2000
1200 30 50 002 07 4900
1201 30 50 002 07 -3700
1202 30 50 002 07 5400
1203 30 50 002 07 -2800
1204 30 50 002 07 -2100
1205 30 50 002 07 4700
1206 30 50 002 07 -100
1207 30 50 002 07 300
1208 30 50 002 07 3300
1209 30 50 002 07 4800
1210 35 55 002 07 5050
1211 35 55 002 07 -2200
1212 35 55 002 07 -6500
1213 35 55 002 07 2100
1214 35 55 002 07 3800
1215 35 55 002 07 1000
1216 35 55 002 07 5050
1217 35 55 002 07 -5400
1218 35 55 002 07 -3100
1219 35 55 002 07 4300
1220 0 20 003 07 0
1221 0 20 003 07 0
1222 0 20 003 07 0
1223 0 20 003 07 0
1224 0 20 003 07 5200
1225 0 20 003 07 1400
1226 0 20 003 07 0
1227 0 20 003 07 700
1228 0 20 003 07 2100
1229 0 20 003 07 6700
1230 5 25 003 07 5900
1231 5 25 003 07 6400
1232 5 25 003 07 3200
1233 5 25 003 07 1400
1234 5 25 003 07 -5000
1235 5 25 003 07 2600
1236 5 25 003 07 -4100
1237 5 25 003 07 -5000
1238 5 25 003 07 -5000
1239 5 25 003 07 6800
1240 10 30 003 07 300
1241 10 30 003 07 2300
1242 10 30 003 07 4100
1243 10 30 003 07 3700
1244 10 30 003 07 1700
1245 10 30 003 07 -6700
1246 10 30 003 07 -1200
1247 10 30 003 07 -4800
1248 10 30 003 07 800
1249 10 30 003 07 6600
1250 15 35 003 07 -3000
1251 15 35 003 07 4900
1252 15 35 003 07 -100
1253 15 35 003 07 -4300
1254 15 35 003 07 -7000
1255 15 35 003 07 -4100
1256 15 35 003 07 -4300
1257 15 35 003 07 -5400
1258 15 35 003 07 -800
1259 15 35 003 07 -6600
1260 20 40 003 07 -2400
1261 20 40 003 07 3100
1262 20 40 003 07 -4500
1263 20 40 003 07 1500
1264 20 40 003 07 -800
1265 20 40 003 07 -5400
1266 20 40 003 07 -5500
1267 20 40 003 07 -6000
1268 20 40 003 07 4600
1269 20 40 003 07 -2100
1270 25 45 003 07 3600
1271 25 45 003 07 5700
1272 25 45 003 07 -5100
1273 25 45 003 07 3100
1274 25 45 003 07 5800
1275 25 45 003 07 3100
1276 25 45 003 07 -900
1277 25 45 003 07 -4800
1278 25 45 003 07 4100
1279 25 45 003 07 6800
1280 30 50 003 07 300
1281 30 50 003 07 6500
1282 30 50 003 07 -4800
1283 30 50 003 07 -3600
1284 30 50 003 07 5100
1285 30 50 003 07 -900
1286 30 50 003 07 -500
1287 30 50 003 07 5900
1288 30 50 003 07 -4700
1289 30 50 003 07 2100
1290 35 55 003 07 300
1291 35 55 003 07 -2900
1292 35 55 003 07 500
1293 35 55 003 07 5050
1294 35 55 003 07 4500
1295 35 55 003 07 1500
1296 35 55 003 07 -1300
1297 35 55 003 07 -5100
1298 35 55 003 07 5050
1299 35 55 003 07 5050
1300 0 20 003 07 0
1301 0 20 003 07 0
1302 0 20 003 07 0
1303 0 20 003 07 6900
1304 0 20 003 07 0
1305 0 20 003 07 6500
1306 0 20 003 07 0
1307 0 20 003 07 2200
1308 0 20 003 07 400
1309 0 20 003 07 0
1310 5 25 003 07 -5000
1311 5 25 003 07 6700
1312 5 25 003 07 4600
1313 5 25 003 07 -5000
1314 5 25 003 07 1800
1315 5 25 003 07 700
1316 5 25 003 07 1100
1317 5 25 003 07 1500
1318 5 25 003 07 -5000
1319 5 25 003 07 6500
1320 10 30 003 07 -2400
1321 10 30 003 07 -1900
1322 10 30 003 07 -400
1323 10 30 003 07 3300
1324 10 30 003 07 5100
1325 10 30 003 07 5600
1326 10 30 003 07 -4100
1327 10 30 003 07 -3000
1328 10 30 003 07 3000
1329 10 30 003 07 -3100
1330 15 35 003 07 600
1331 15 35 003 07 5000
1332 15 35 003 07 900
1333 15 35 003 07 1900
1334 15 35 003 07 -4300
1335 15 35 003 07 6500
1336 15 35 003 07 1500
1337 15 35 003 07 -6400
1338 15 35 003 07 -4600
1339 15 35 003 07 5500
1340 20 40 003 07 6400
1341 20 40 003 07 -2400
1342 20 40 003 07 -5200
1343 20 40 003 07 -1100
1344 20 40 003 07 -1600
1345 20 40 003 07 1500
1346 20 40 003 07 5900
1347 20 40 003 07 6100
1348 20 40 003 07 6100
1349 20 40 003 07 2900
1350 25 45 003 07 600
1351 25 45 003 07 3800
1352 25 45 003 07 -3800
1353 25 45 003 07 6000
1354 25 45 003 07 1200
1355 25 45 003 07 -3200
1356 25 45 003 07 -4300
1357 25 45 003 07 -2400
1358 25 45 003 07 6100
1359 25 45 003 07 -1300
1360 30 50 003 07 1600
1361 30 50 003 07 2600
1362 30 50 003 07 1700
1363 30 50 003 07 3900
1364 30 50 003 07 1100
1365 30 50 003 07 -5600
1366 30 50 003 07 -3900
1367 30 50 003 07 -4100
1368 30 50 003 07 7000
1369 30 50 003 07 900
1370 35 55 003 07 5050
1371 35 55 003 07 -4000
1372 35 55 003 07 2500
1373 35 55 003 07 -4700
1374 35 55 003 07 4700
1375 35 55 003 07 5050
1376 35 55 003 07 -200
1377 35 55 003 07 -100
1378 35 55 003 07 -3700
1379 35 55 003 07 5050
1380 0 20 004 07 3600
1381 0 20 004 07 0
1382 0 20 004 07 1600
1383 0 20 004 07 5600
1384 0 20 004 07 0
1385 0 20 004 07 1000
1386 0 20 004 07 3700
1387 0 20 004 07 3400
1388 0 20 004 07 2100
1389 0 20 004 07 0
1390 5 25 004 07 -5000
1391 5 25 004 07 5700
1392 5 25 004 07 4700
1393 5 25 004 07 -4500
1394 5 25 004 07 -800
1395 5 25 004 07 3900
1396 5 25 004 07 -1600
1397 5 25 004 07 5700
1398 5 25 004 07 5000
1399 5 25 004 07 -1500
1400 10 30 004 07 -4800
1401 10 30 004 07 3900
1402 10 30 004 07 -7000
1403 10 30 004 07 6800
1404 10 30 004 07 5000
1405 10 30 004 07 -4700
1406 10 30 004 07 -3900
1407 10 30 004 07 4100
1408 10 30 004 07 5500
1409 10 30 004 07 4300
1410 15 35 004 07 -3400
1411 15 35 004 07 5600
1412 15 35 004 07 600
1413 15 35 004 07 -1800
1414 15 35 004 07 -2000
1415 15 35 004 07 -4400
1416 15 35 004 07 7000
1417 15 35 004 07 6000
1418 15 35 004 07 -2800
1419 15 35 004 07 3700
1420 20 40 004 07 2900
1421 20 40 004 07 5800
1422 20 40 004 07 -5100
1423 20 40 004 07 -1200
1424 20 40 004 07 -4200
1425 20 40 004 07 -6300
1426 20 40 004 07 5400
1427 20 40 004 07 400
1428 20 40 004 07 -3600
1429 20 40 004 07 4100
1430 25 45 004 07 5200
1431 25 45 004 07 800
1432 25 45 004 07 4100
1433 25 45 004 07 7000
1434 25 45 004 07 300
1435 25 45 004 07 2200
1436 25 45 004 07 3900
1437 25 45 004 07 1400
1438 25 45 004 07 -1000
1439 25 45 004 07 -1700
1440 30 50 004 07 4600
1441 30 50 004 07 -3500
1442 30 50 004 07 4000
1443 30 50 004 07 -100
1444 30 50 004 07 -1100
1445 30 50 004 07 -1700
1446 30 50 004 07 -3300
1447 30 50 004 07 -2900
1448 30 50 004 07 -4400
1449 30 50 004 07 -3000
1450 35 55 004 07 -4300
1451 35 55 004 07 5050
1452 35 55 004 07 2600
1453 35 55 004 07 5050
1454 35 55 004 07 -2400
1455 35 55 004 07 3600
1456 35 55 004 07 -4400
1457 35 55 004 07 -2400
1458 35 55 004 07 -6100
1459 35 55 004 07 -5300
1460 0 20 004 07 1500
1461 0 20 004 07 2500
1462 0 20 004 07 5800
1463 0 20 004 07 300
1464 0 20 004 07 0
1465 0 20 004 07 0
1466 0 20 004 07 0
1467 0 20 004 07 5600
1468 0 20 004 07 0
1469 0 20 004 07 0
1470 5 25 004 07 -4600
1471 5 25 004 07 -100
1472 5 25 004 07 2400
1473 5 25 004 07 2900
1474 5 25 004 07 3100
1475 5 25 004 07 0
1476 5 25 004 07 5000
1477 5 25 004 07 -4000
1478 5 25 004 07 2500
1479 5 25 004 07 6800
1480 10 30 004 07 -5900
1481 10 30 004 07 3500
1482 10 30 004 07 -1300
1483 10 30 004 07 6300
1484 10 30 004 07 300
1485 10 30 004 07 3700
1486 10 30 004 07 6200
1487 10 30 004 07 -7000
1488 10 30 004 07 -5400
1489 10 30 004 07 2200
1490 15 35 004 07 -6800
1491 15 35 004 07 4400
1492 15 35 004 07 5400
1493 15 35 004 07 -4000
1494 15 35 004 07 900
1495 15 35 004 07 3900
1496 15 35 004 07 -2500
1497 15 35 004 07 -2800
1498 15 35 004 07 -1500
1499 15 35 004 07 -6500
1500 20 40 004 07 -5300
1501 20 40 004 07 -1400
1502 20 40 004 07 -5400
1503 20 40 004 07 -1100
1504 20 40 004 07 2400
1505 20 40 004 07 -1300
1506 20 40 004 07 5700
1507 20 40 004 07 3900
1508 20 40 004 07 5400
1509 20 40 004 07 -6700
1510 25 45 004 07 6800
1511 25 45 004 07 -1000
1512 25 45 004 07 5000
1513 25 45 004 07 1400
1514 25 45 004 07 -6200
1515 25 45 004 07 4300
1516 25 45 004 07 -2800
1517 25 45 004 07 -4300
1518 25 45 004 07 2500
1519 25 45 004 07 -300
1520 30 50 004 07 -3900
1521 30 50 004 07 7000
1522 30 50 004 07 -3300
1523 30 50 004 07 -6800
1524 30 50 004 07 -5200
1525 30 50 004 07 -3500
1526 30 50 004 07 3400
1527 30 50 004 07 -1900
1528 30 50 004 07 3200
1529 30 50 004 07 700
1530 35 55 004 07 2900
1531 35 55 004 07 -5100
1532 35 55 004 07 1100
1533 35 55 004 07 5050
1534 35 55 004 07 4800
1535 35 55 004 07 3900
1536 35 55 004 07 4800
1537 35 55 004 07 5050
1538 35 55 004 07 -5800
1539 35 55 004 07 5050
